non-VMD:

The PID parameters

SOA        =  [0.37506667 , 0.29499 , -0.16124236]
NN_old   =  [-0.2941,  0.4289,  0.2662]
PSO        =  [0.11257014 0.20711179 0.00347529] 
NN_new =  [ 0.5916,  0.3169, -0.2104]


The elapsed time

SOA          : 0.01
NN_old     : 0.01
PSO          : 0.01
NN_new   : 0.010997304916381836