VMD:

The PID parameters

SOA        =  [ 0.13556766,0.48499588,-0.02386167] 
NN_old   =  [-0.1965,  0.3012,    0.4451]
PSO        =  [0.25817888,  0.68793405, 0.30271897] 
NN_new =   [ 0.2036,  0.7506, -0.0404]


The elapsed time

SOA:         0.0116937255859375,
NN_old:    0.011017570495605469,
PSO:         0.01095677375793457,
NN_new:  0.011041412353515625}